7 100 478
0 24 63
1 35 60 2 50
2 79 46 12 29
3 3 45 14 41
4 42 50 2 60
5 3 40 17 64
6 29 96 20 45
7 47 30 2 45
8 54 77 26 21
9 36 30 7 18
10 83 86 24 78
11 30 6 23 6
12 55 29 13 6
13 13 2 25 32
14 1 19 20 23
15 98 1 3 32
16 75 10 18 23
17 39 23 23 60
18 62 91 6 3
19 96 9 2 28
20 27 87 13 9
21 14 16 22 69
22 52 49 3 68
23 95 21 6 32
24 30 6 7 55
25 18 40 1 28
26 82 90 18 10
27 50 79 18 78
28 48 49 10 58
29 82 73 2 54
30 64 62 9 52
31 34 78 10 26
32 83 6 8 29
33 3 77 30 2
34 18 8 16 70
35 53 86 23 54
36 88 51 2 49
37 77 51 18 27
38 58 89 22 59
39 12 44 1 16
40 70 88 8 2
41 36 17 4 63
42 85 23 26 13
43 93 30 21 78
44 68 67 2 41
45 71 34 15 49
46 56 73 25 36
47 37 37 22 41
48 78 20 19 34
49 88 69 3 12
50 95 42 3 59
51 44 71 5 8
52 18 1 13 1
