7 100 398
0 24 63
1 35 60 2 2
2 79 46 12 33
3 3 45 14 14
4 42 50 2 72
5 3 40 17 41
6 29 96 20 54
7 47 30 2 65
8 54 77 26 14
9 36 30 7 26
10 83 86 24 26
11 30 6 23 61
12 55 29 13 62
13 13 2 25 32
14 1 19 20 46
15 98 1 3 51
16 75 10 18 20
17 39 23 23 34
18 62 91 6 26
19 96 9 2 76
20 27 87 13 41
21 14 16 22 26
22 52 49 3 49
23 95 21 6 42
24 30 6 7 49
25 18 40 1 6
26 82 90 18 73
27 50 79 18 32
28 48 49 10 55
29 82 73 2 14
30 64 62 9 73
31 34 78 10 5
32 83 6 8 71
33 3 77 30 7
34 18 8 16 52
35 53 86 23 52
36 88 51 2 74
37 77 51 18 55
38 58 89 22 38
39 12 44 1 7
40 70 88 8 23
41 36 17 4 10
42 85 23 26 44
43 93 30 21 6
44 68 67 2 39
45 71 34 15 53
46 56 73 25 57
47 37 37 22 59
48 78 20 19 10
49 88 69 3 41
50 95 42 3 5
51 44 71 5 8
52 18 1 13 41
