7 100 464
0 24 63
1 35 60 2 48
2 79 46 12 68
3 3 45 14 49
4 42 50 2 14
5 3 40 17 28
6 29 96 20 52
7 47 30 2 33
8 54 77 26 40
9 36 30 7 59
10 83 86 24 76
11 30 6 23 8
12 55 29 13 40
13 13 2 25 32
14 1 19 20 6
15 98 1 3 70
16 75 10 18 59
17 39 23 23 77
18 62 91 6 38
19 96 9 2 32
20 27 87 13 52
21 14 16 22 30
22 52 49 3 28
23 95 21 6 66
24 30 6 7 77
25 18 40 1 55
26 82 90 18 12
27 50 79 18 54
28 48 49 10 9
29 82 73 2 42
30 64 62 9 12
31 34 78 10 38
32 83 6 8 60
33 3 77 30 62
34 18 8 16 45
35 53 86 23 62
36 88 51 2 44
37 77 51 18 60
38 58 89 22 78
39 12 44 1 38
40 70 88 8 25
41 36 17 4 12
42 85 23 26 61
43 93 30 21 78
44 68 67 2 44
45 71 34 15 80
46 56 73 25 63
47 37 37 22 75
48 78 20 19 28
49 88 69 3 63
50 95 42 3 67
51 44 71 5 49
52 18 1 13 6
