7 100 498
0 24 63
1 35 60 2 78
2 79 46 12 50
3 3 45 14 26
4 42 50 2 74
5 3 40 17 51
6 29 96 20 12
7 47 30 2 37
8 54 77 26 80
9 36 30 7 54
10 83 86 24 17
11 30 6 23 77
12 55 29 13 62
13 13 2 25 59
14 1 19 20 4
15 98 1 3 32
16 75 10 18 25
17 39 23 23 35
18 62 91 6 18
19 96 9 2 1
20 27 87 13 6
21 14 16 22 30
22 52 49 3 12
23 95 21 6 45
24 30 6 7 46
25 18 40 1 47
26 82 90 18 11
27 50 79 18 78
28 48 49 10 37
29 82 73 2 64
30 64 62 9 15
31 34 78 10 15
32 83 6 8 23
33 3 77 30 6
34 18 8 16 56
35 53 86 23 34
36 88 51 2 67
37 77 51 18 69
38 58 89 22 73
39 12 44 1 47
40 70 88 8 29
41 36 17 4 39
42 85 23 26 10
43 93 30 21 77
44 68 67 2 63
45 71 34 15 25
46 56 73 25 77
47 37 37 22 70
48 78 20 19 63
49 88 69 3 39
50 95 42 3 3
51 44 71 5 70
52 18 1 13 39
