7 100 524
0 24 63
1 35 60 2 73
2 79 46 12 62
3 3 45 14 33
4 42 50 2 51
5 3 40 17 46
6 29 96 20 7
7 47 30 2 61
8 54 77 26 9
9 36 30 7 12
10 83 86 24 63
11 30 6 23 67
12 55 29 13 36
13 13 2 25 73
14 1 19 20 3
15 98 1 3 69
16 75 10 18 73
17 39 23 23 34
18 62 91 6 28
19 96 9 2 18
20 27 87 13 33
21 14 16 22 49
22 52 49 3 57
23 95 21 6 69
24 30 6 7 71
25 18 40 1 2
26 82 90 18 12
27 50 79 18 44
28 48 49 10 18
29 82 73 2 3
30 64 62 9 73
31 34 78 10 43
32 83 6 8 68
33 3 77 30 42
34 18 8 16 10
35 53 86 23 66
36 88 51 2 49
37 77 51 18 43
38 58 89 22 22
39 12 44 1 77
40 70 88 8 36
41 36 17 4 74
42 85 23 26 67
43 93 30 21 26
44 68 67 2 31
45 71 34 15 30
46 56 73 25 73
47 37 37 22 16
48 78 20 19 18
49 88 69 3 55
50 95 42 3 73
51 44 71 5 46
52 18 1 13 62
