9 100 692
0 25 51
1 35 7 12 75
2 93 75 24 79
3 53 95 16 8
4 51 81 7 32
5 51 55 9 9
6 1 67 20 28
7 9 23 10 72
8 75 7 18 39
9 15 97 26 50
10 79 5 17 60
11 9 19 2 16
12 39 1 11 64
13 47 1 9 25
14 33 97 12 15
15 27 83 11 40
16 83 79 12 79
17 17 59 23 67
18 47 19 7 30
19 57 9 1 27
20 87 41 26 9
21 55 25 10 67
22 21 91 9 41
23 21 13 22 54
24 67 1 21 35
25 59 21 17 69
26 1 75 2 79
27 33 85 15 46
28 25 21 16 60
29 45 29 14 63
30 63 77 23 46
31 1 77 24 39
32 77 41 2 62
33 35 11 12 21
34 9 77 18 27
35 61 87 5 19
36 59 91 19 33
37 63 79 15 77
38 97 67 8 5
39 9 45 6 71
40 93 21 14 32
41 83 71 13 18
42 95 57 5 5
43 31 69 24 68
44 77 17 25 32
45 63 57 2 61
46 3 63 8 40
47 11 69 14 53
48 7 9 2 31
49 37 65 13 32
50 75 83 10 64
51 15 53 6 53
52 69 5 6 10
53 69 27 24 20
54 5 19 21 24
55 49 31 20 19
56 77 17 24 33
57 15 7 4 22
58 91 39 19 55
59 79 17 14 40
60 67 75 23 46
61 93 51 2 46
62 25 33 16 70
63 9 19 23 55
64 3 65 14 52
