9 100 692
0 25 51
1 35 7 12 5
2 93 75 24 22
3 53 95 16 68
4 51 81 7 22
5 51 55 9 27
6 1 67 20 13
7 9 23 10 22
8 75 7 18 78
9 15 97 26 29
10 79 5 17 13
11 9 19 2 38
12 39 1 11 80
13 47 1 9 17
14 33 97 12 19
15 27 83 11 45
16 83 79 12 51
17 17 59 23 51
18 47 19 7 12
19 57 9 1 34
20 87 41 26 32
21 55 25 10 8
22 21 91 9 75
23 21 13 22 80
24 67 1 21 54
25 59 21 17 17
26 1 75 2 25
27 33 85 15 74
28 25 21 16 80
29 45 29 14 50
30 63 77 23 12
31 1 77 24 76
32 77 41 2 68
33 35 11 12 68
34 9 77 18 27
35 61 87 5 19
36 59 91 19 62
37 63 79 15 39
38 97 67 8 33
39 9 45 6 80
40 93 21 14 60
41 83 71 13 28
42 95 57 5 1
43 31 69 24 25
44 77 17 25 59
45 63 57 2 50
46 3 63 8 57
47 11 69 14 49
48 7 9 2 66
49 37 65 13 63
50 75 83 10 41
51 15 53 6 26
52 69 5 6 77
53 69 27 24 18
54 5 19 21 37
55 49 31 20 39
56 77 17 24 77
57 15 7 4 22
58 91 39 19 25
59 79 17 14 22
60 67 75 23 14
61 93 51 2 42
62 25 33 16 29
63 9 19 23 30
64 3 65 14 9
