9 100 648
0 25 51
1 35 7 12 10
2 93 75 24 6
3 53 95 16 43
4 51 81 7 1
5 51 55 9 44
6 1 67 20 38
7 9 23 10 70
8 75 7 18 42
9 15 97 26 24
10 79 5 17 34
11 9 19 2 70
12 39 1 11 19
13 47 1 9 47
14 33 97 12 52
15 27 83 11 39
16 83 79 12 12
17 17 59 23 19
18 47 19 7 9
19 57 9 1 21
20 87 41 26 14
21 55 25 10 58
22 21 91 9 63
23 21 13 22 35
24 67 1 21 79
25 59 21 17 49
26 1 75 2 12
27 33 85 15 48
28 25 21 16 37
29 45 29 14 51
30 63 77 23 51
31 1 77 24 72
32 77 41 2 47
33 35 11 12 42
34 9 77 18 3
35 61 87 5 39
36 59 91 19 49
37 63 79 15 53
38 97 67 8 33
39 9 45 6 3
40 93 21 14 78
41 83 71 13 59
42 95 57 5 39
43 31 69 24 74
44 77 17 25 43
45 63 57 2 14
46 3 63 8 77
47 11 69 14 72
48 7 9 2 49
49 37 65 13 52
50 75 83 10 55
51 15 53 6 14
52 69 5 6 51
53 69 27 24 2
54 5 19 21 30
55 49 31 20 65
56 77 17 24 1
57 15 7 4 57
58 91 39 19 52
59 79 17 14 63
60 67 75 23 61
61 93 51 2 6
62 25 33 16 50
63 9 19 23 23
64 3 65 14 76
