9 100 522
0 27 93
1 33 27 16 36
2 29 39 2 37
3 7 81 7 57
4 1 59 11 72
5 49 9 9 11
6 21 53 17 79
7 79 89 21 42
8 81 83 23 57
9 85 11 10 39
10 45 9 6 10
11 7 65 19 62
12 95 27 18 56
13 81 85 20 30
14 37 81 13 15
15 69 69 5 31
16 15 95 11 51
17 89 75 24 62
18 33 93 2 21
19 57 83 3 39
20 11 95 1 79
21 3 57 5 79
22 45 11 20 7
23 43 61 23 67
24 35 43 24 68
25 19 83 18 4
26 83 69 19 10
27 85 77 2 55
28 19 39 17 22
29 83 87 17 51
30 1 13 9 13
31 15 39 11 66
32 83 17 2 56
33 41 97 6 5
34 31 61 9 65
35 59 69 5 3
36 29 15 9 28
37 93 83 2 64
38 63 97 14 59
39 65 57 19 60
40 15 69 11 62
41 31 97 21 19
42 57 9 20 23
43 85 37 21 22
44 21 29 18 50
45 53 11 48 49
46 15 77 1 47
47 41 69 17 54
48 45 17 42 59
49 13 25 2 33
50 63 57 4 29
51 95 5 24 46
52 55 91 18 14
53 3 31 21 69
54 47 7 11 78
55 61 69 9 7
56 85 35 18 21
57 89 81 22 11
58 45 47 9 55
59 65 93 23 45
