9 100 663
0 27 93
1 33 27 16 20
2 29 39 2 34
3 7 81 7 34
4 1 59 11 73
5 49 9 9 35
6 21 53 17 4
7 79 89 21 68
8 81 83 23 59
9 85 11 10 31
10 45 9 6 41
11 7 65 19 68
12 95 27 18 11
13 81 85 20 51
14 37 81 13 22
15 69 69 5 23
16 15 95 11 7
17 89 75 24 48
18 33 93 2 34
19 57 83 3 53
20 11 95 1 54
21 3 57 5 8
22 45 11 20 30
23 43 61 23 30
24 35 43 24 71
25 19 83 18 27
26 83 69 19 68
27 85 77 2 79
28 19 39 17 8
29 83 87 17 79
30 1 13 9 2
31 15 39 11 33
32 83 17 2 25
33 41 97 6 5
34 31 61 9 57
35 59 69 5 36
36 29 15 9 32
37 93 83 2 25
38 63 97 14 17
39 65 57 19 58
40 15 69 11 45
41 31 97 21 11
42 57 9 20 64
43 85 37 21 22
44 21 29 18 16
45 53 11 48 44
46 15 77 1 43
47 41 69 17 55
48 45 17 42 42
49 13 25 2 11
50 63 57 4 12
51 95 5 24 64
52 55 91 18 34
53 3 31 21 17
54 47 7 11 20
55 61 69 9 58
56 85 35 18 25
57 89 81 22 73
58 45 47 9 18
59 65 93 23 59
