9 100 540
0 59 44
1 9 23 2 74
2 84 68 1 9
3 36 93 6 53
4 87 9 9 26
5 34 16 16 75
6 40 98 5 42
7 72 43 3 59
8 0 60 9 25
9 64 90 12 15
10 11 8 1 15
11 46 7 1 19
12 33 54 18 58
13 23 84 10 47
14 67 18 5 19
15 34 93 5 45
16 19 25 9 47
17 14 9 16 40
18 70 64 12 13
19 58 50 6 48
20 5 78 6 1
21 95 39 20 33
22 38 54 23 55
23 50 73 39 49
24 48 46 17 2
25 64 4 8 33
26 39 28 2 79
27 79 30 13 68
28 61 36 17 5
29 28 50 3 15
30 51 91 2 29
31 68 59 7 51
32 14 9 23 49
33 94 87 10 41
34 68 29 7 22
35 12 91 12 29
36 2 22 20 34
37 25 16 13 9
38 11 57 21 17
39 3 51 25 64
40 13 52 5 80
41 9 76 4 69
42 58 18 13 56
43 40 39 12 42
44 32 89 23 52
45 9 92 19 38
46 36 14 10 1
47 82 13 7 76
48 10 25 15 24
49 96 97 5 28
50 20 21 15 61
51 40 91 13 33
52 33 31 30 78
53 72 74 15 63
54 41 24 7 32
55 90 20 9 61
56 4 44 23 52
57 54 22 8 8
58 43 59 5 3
59 3 70 8 25
60 94 16 25 70
61 94 54 12 2
62 14 40 25 39
63 37 0 24 46
64 88 55 8 20
65 80 25 22 11
66 37 64 7 43
67 87 47 24 16
68 18 68 18 70
