9 100 596
0 27 93
1 33 27 16 11
2 29 39 2 28
3 7 81 7 64
4 1 59 11 14
5 49 9 9 32
6 21 53 17 70
7 79 89 21 3
8 81 83 23 6
9 85 11 10 43
10 45 9 6 62
11 7 65 19 67
12 95 27 18 8
13 81 85 20 57
14 37 81 13 72
15 69 69 5 39
16 15 95 11 5
17 89 75 24 23
18 33 93 2 64
19 57 83 3 27
20 11 95 1 9
21 3 57 5 66
22 45 11 20 46
23 43 61 23 69
24 35 43 24 13
25 19 83 18 28
26 83 69 19 74
27 85 77 2 61
28 19 39 17 46
29 83 87 17 34
30 1 13 9 18
31 15 39 11 76
32 83 17 2 77
33 41 97 6 60
34 31 61 9 58
35 59 69 5 4
36 29 15 9 24
37 93 83 2 52
38 63 97 14 35
39 65 57 19 32
40 15 69 11 42
41 31 97 21 59
42 57 9 20 63
43 85 37 21 61
44 21 29 18 47
45 53 11 48 40
46 15 77 1 20
47 41 69 17 42
48 45 17 42 26
49 13 25 2 34
50 63 57 4 47
51 95 5 24 44
52 55 91 18 10
53 3 31 21 64
54 47 7 11 59
55 61 69 9 53
56 85 35 18 10
57 89 81 22 31
58 45 47 9 50
59 65 93 23 37
