9 100 543
0 25 51
1 35 7 12 58
2 93 75 24 75
3 53 95 16 11
4 51 81 7 65
5 51 55 9 9
6 1 67 20 5
7 9 23 10 69
8 75 7 18 62
9 15 97 26 57
10 79 5 17 34
11 9 19 2 54
12 39 1 11 1
13 47 1 9 15
14 33 97 12 3
15 27 83 11 12
16 83 79 12 64
17 17 59 23 59
18 47 19 7 71
19 57 9 1 12
20 87 41 26 32
21 55 25 10 44
22 21 91 9 62
23 21 13 22 18
24 67 1 21 75
25 59 21 17 55
26 1 75 2 65
27 33 85 15 24
28 25 21 16 66
29 45 29 14 68
30 63 77 23 79
31 1 77 24 25
32 77 41 2 52
33 35 11 12 57
34 9 77 18 43
35 61 87 5 39
36 59 91 19 16
37 63 79 15 43
38 97 67 8 36
39 9 45 6 58
40 93 21 14 40
41 83 71 13 66
42 95 57 5 21
43 31 69 24 41
44 77 17 25 55
45 63 57 2 61
46 3 63 8 14
47 11 69 14 46
48 7 9 2 36
49 37 65 13 6
50 75 83 10 34
51 15 53 6 21
52 69 5 6 23
53 69 27 24 55
54 5 19 21 52
55 49 31 20 21
56 77 17 24 11
57 15 7 4 29
58 91 39 19 43
59 79 17 14 34
60 67 75 23 52
61 93 51 2 43
62 25 33 16 29
63 9 19 23 66
64 3 65 14 3
