9 100 630
0 27 93
1 33 27 16 65
2 29 39 2 44
3 7 81 7 59
4 1 59 11 41
5 49 9 9 76
6 21 53 17 78
7 79 89 21 25
8 81 83 23 47
9 85 11 10 25
10 45 9 6 69
11 7 65 19 3
12 95 27 18 6
13 81 85 20 53
14 37 81 13 79
15 69 69 5 60
16 15 95 11 21
17 89 75 24 27
18 33 93 2 24
19 57 83 3 35
20 11 95 1 32
21 3 57 5 77
22 45 11 20 10
23 43 61 23 53
24 35 43 24 14
25 19 83 18 69
26 83 69 19 38
27 85 77 2 35
28 19 39 17 14
29 83 87 17 44
30 1 13 9 36
31 15 39 11 69
32 83 17 2 6
33 41 97 6 10
34 31 61 9 40
35 59 69 5 78
36 29 15 9 44
37 93 83 2 31
38 63 97 14 21
39 65 57 19 2
40 15 69 11 56
41 31 97 21 1
42 57 9 20 38
43 85 37 21 54
44 21 29 18 25
45 53 11 48 23
46 15 77 1 43
47 41 69 17 40
48 45 17 42 56
49 13 25 2 6
50 63 57 4 1
51 95 5 24 47
52 55 91 18 42
53 3 31 21 42
54 47 7 11 5
55 61 69 9 3
56 85 35 18 41
57 89 81 22 23
58 45 47 9 10
59 65 93 23 79
