9 100 540
0 59 44
1 9 23 2 64
2 84 68 1 13
3 36 93 6 7
4 87 9 9 37
5 34 16 16 42
6 40 98 5 67
7 72 43 3 64
8 0 60 9 46
9 64 90 12 16
10 11 8 1 61
11 46 7 1 33
12 33 54 18 35
13 23 84 10 46
14 67 18 5 23
15 34 93 5 69
16 19 25 9 44
17 14 9 16 48
18 70 64 12 75
19 58 50 6 31
20 5 78 6 6
21 95 39 20 9
22 38 54 23 57
23 50 73 39 36
24 48 46 17 33
25 64 4 8 15
26 39 28 2 68
27 79 30 13 37
28 61 36 17 73
29 28 50 3 26
30 51 91 2 29
31 68 59 7 16
32 14 9 23 50
33 94 87 10 61
34 68 29 7 68
35 12 91 12 38
36 2 22 20 10
37 25 16 13 51
38 11 57 21 12
39 3 51 25 48
40 13 52 5 73
41 9 76 4 46
42 58 18 13 47
43 40 39 12 62
44 32 89 23 60
45 9 92 19 28
46 36 14 10 65
47 82 13 7 33
48 10 25 15 19
49 96 97 5 59
50 20 21 15 9
51 40 91 13 26
52 33 31 30 39
53 72 74 15 63
54 41 24 7 78
55 90 20 9 34
56 4 44 23 48
57 54 22 8 33
58 43 59 5 46
59 3 70 8 43
60 94 16 25 70
61 94 54 12 10
62 14 40 25 36
63 37 0 24 71
64 88 55 8 7
65 80 25 22 16
66 37 64 7 11
67 87 47 24 72
68 18 68 18 56
