9 100 650
0 59 44
1 9 23 2 30
2 84 68 1 23
3 36 93 6 79
4 87 9 9 29
5 34 16 16 34
6 40 98 5 57
7 72 43 3 33
8 0 60 9 39
9 64 90 12 39
10 11 8 1 78
11 46 7 1 55
12 33 54 18 16
13 23 84 10 58
14 67 18 5 76
15 34 93 5 70
16 19 25 9 27
17 14 9 16 63
18 70 64 12 28
19 58 50 6 79
20 5 78 6 38
21 95 39 20 77
22 38 54 23 51
23 50 73 39 4
24 48 46 17 58
25 64 4 8 74
26 39 28 2 51
27 79 30 13 44
28 61 36 17 48
29 28 50 3 8
30 51 91 2 35
31 68 59 7 57
32 14 9 23 6
33 94 87 10 80
34 68 29 7 77
35 12 91 12 56
36 2 22 20 51
37 25 16 13 79
38 11 57 21 55
39 3 51 25 57
40 13 52 5 7
41 9 76 4 62
42 58 18 13 4
43 40 39 12 16
44 32 89 23 6
45 9 92 19 71
46 36 14 10 27
47 82 13 7 42
48 10 25 15 22
49 96 97 5 36
50 20 21 15 72
51 40 91 13 68
52 33 31 30 7
53 72 74 15 9
54 41 24 7 34
55 90 20 9 57
56 4 44 23 35
57 54 22 8 21
58 43 59 5 13
59 3 70 8 10
60 94 16 25 22
61 94 54 12 6
62 14 40 25 80
63 37 0 24 35
64 88 55 8 16
65 80 25 22 43
66 37 64 7 10
67 87 47 24 44
68 18 68 18 56
