9 100 530
0 27 93
1 33 27 16 65
2 29 39 2 36
3 7 81 7 10
4 1 59 11 6
5 49 9 9 70
6 21 53 17 43
7 79 89 21 45
8 81 83 23 17
9 85 11 10 73
10 45 9 6 23
11 7 65 19 59
12 95 27 18 16
13 81 85 20 1
14 37 81 13 80
15 69 69 5 61
16 15 95 11 10
17 89 75 24 40
18 33 93 2 58
19 57 83 3 20
20 11 95 1 38
21 3 57 5 12
22 45 11 20 56
23 43 61 23 53
24 35 43 24 11
25 19 83 18 54
26 83 69 19 69
27 85 77 2 22
28 19 39 17 39
29 83 87 17 73
30 1 13 9 65
31 15 39 11 66
32 83 17 2 4
33 41 97 6 13
34 31 61 9 72
35 59 69 5 3
36 29 15 9 8
37 93 83 2 44
38 63 97 14 10
39 65 57 19 65
40 15 69 11 28
41 31 97 21 44
42 57 9 20 38
43 85 37 21 21
44 21 29 18 63
45 53 11 48 31
46 15 77 1 8
47 41 69 17 51
48 45 17 42 60
49 13 25 2 39
50 63 57 4 69
51 95 5 24 8
52 55 91 18 9
53 3 31 21 62
54 47 7 11 5
55 61 69 9 64
56 85 35 18 1
57 89 81 22 53
58 45 47 9 64
59 65 93 23 43
