9 100 633
0 59 44
1 9 23 2 49
2 84 68 1 13
3 36 93 6 51
4 87 9 9 48
5 34 16 16 59
6 40 98 5 53
7 72 43 3 37
8 0 60 9 38
9 64 90 12 80
10 11 8 1 13
11 46 7 1 40
12 33 54 18 38
13 23 84 10 31
14 67 18 5 8
15 34 93 5 59
16 19 25 9 27
17 14 9 16 17
18 70 64 12 30
19 58 50 6 60
20 5 78 6 47
21 95 39 20 27
22 38 54 23 9
23 50 73 39 73
24 48 46 17 26
25 64 4 8 40
26 39 28 2 80
27 79 30 13 20
28 61 36 17 70
29 28 50 3 54
30 51 91 2 2
31 68 59 7 69
32 14 9 23 21
33 94 87 10 47
34 68 29 7 69
35 12 91 12 36
36 2 22 20 52
37 25 16 13 43
38 11 57 21 64
39 3 51 25 55
40 13 52 5 65
41 9 76 4 4
42 58 18 13 21
43 40 39 12 72
44 32 89 23 44
45 9 92 19 26
46 36 14 10 67
47 82 13 7 27
48 10 25 15 42
49 96 97 5 72
50 20 21 15 27
51 40 91 13 46
52 33 31 30 48
53 72 74 15 23
54 41 24 7 1
55 90 20 9 50
56 4 44 23 46
57 54 22 8 49
58 43 59 5 6
59 3 70 8 10
60 94 16 25 41
61 94 54 12 41
62 14 40 25 68
63 37 0 24 2
64 88 55 8 77
65 80 25 22 25
66 37 64 7 73
67 87 47 24 1
68 18 68 18 35
