9 100 557
0 59 44
1 9 23 2 47
2 84 68 1 62
3 36 93 6 62
4 87 9 9 40
5 34 16 16 73
6 40 98 5 38
7 72 43 3 13
8 0 60 9 47
9 64 90 12 72
10 11 8 1 30
11 46 7 1 8
12 33 54 18 38
13 23 84 10 40
14 67 18 5 17
15 34 93 5 76
16 19 25 9 41
17 14 9 16 38
18 70 64 12 38
19 58 50 6 48
20 5 78 6 49
21 95 39 20 68
22 38 54 23 7
23 50 73 39 58
24 48 46 17 27
25 64 4 8 62
26 39 28 2 1
27 79 30 13 36
28 61 36 17 25
29 28 50 3 78
30 51 91 2 23
31 68 59 7 32
32 14 9 23 23
33 94 87 10 13
34 68 29 7 28
35 12 91 12 26
36 2 22 20 48
37 25 16 13 43
38 11 57 21 17
39 3 51 25 61
40 13 52 5 18
41 9 76 4 34
42 58 18 13 43
43 40 39 12 41
44 32 89 23 48
45 9 92 19 38
46 36 14 10 72
47 82 13 7 68
48 10 25 15 39
49 96 97 5 15
50 20 21 15 68
51 40 91 13 30
52 33 31 30 35
53 72 74 15 9
54 41 24 7 23
55 90 20 9 73
56 4 44 23 2
57 54 22 8 11
58 43 59 5 49
59 3 70 8 40
60 94 16 25 25
61 94 54 12 40
62 14 40 25 73
63 37 0 24 7
64 88 55 8 54
65 80 25 22 19
66 37 64 7 51
67 87 47 24 44
68 18 68 18 5
