9 100 640
0 25 51
1 35 7 12 68
2 93 75 24 72
3 53 95 16 30
4 51 81 7 69
5 51 55 9 72
6 1 67 20 74
7 9 23 10 49
8 75 7 18 65
9 15 97 26 50
10 79 5 17 77
11 9 19 2 3
12 39 1 11 62
13 47 1 9 20
14 33 97 12 47
15 27 83 11 40
16 83 79 12 33
17 17 59 23 12
18 47 19 7 50
19 57 9 1 75
20 87 41 26 52
21 55 25 10 79
22 21 91 9 13
23 21 13 22 39
24 67 1 21 56
25 59 21 17 20
26 1 75 2 17
27 33 85 15 8
28 25 21 16 61
29 45 29 14 4
30 63 77 23 47
31 1 77 24 77
32 77 41 2 64
33 35 11 12 33
34 9 77 18 72
35 61 87 5 66
36 59 91 19 19
37 63 79 15 67
38 97 67 8 21
39 9 45 6 76
40 93 21 14 51
41 83 71 13 27
42 95 57 5 8
43 31 69 24 35
44 77 17 25 23
45 63 57 2 50
46 3 63 8 35
47 11 69 14 71
48 7 9 2 68
49 37 65 13 17
50 75 83 10 56
51 15 53 6 44
52 69 5 6 9
53 69 27 24 23
54 5 19 21 80
55 49 31 20 8
56 77 17 24 7
57 15 7 4 54
58 91 39 19 48
59 79 17 14 63
60 67 75 23 64
61 93 51 2 31
62 25 33 16 24
63 9 19 23 44
64 3 65 14 5
