10 100 593
0 92 92
1 88 58 24 8
2 70 6 22 24
3 57 59 23 30
4 0 98 5 28
5 61 38 11 46
6 65 22 23 37
7 91 52 26 26
8 59 2 9 61
9 3 54 23 75
10 95 38 9 31
11 80 28 14 29
12 66 42 16 20
13 79 74 12 26
14 99 25 2 17
15 20 43 2 68
16 40 3 6 69
17 50 42 20 36
18 97 0 26 23
19 21 19 12 13
20 36 21 15 45
21 100 61 13 75
22 11 85 26 35
23 69 35 17 1
24 69 22 7 41
25 29 35 12 40
26 14 9 4 15
27 50 33 4 16
28 89 17 20 29
29 57 44 10 24
30 60 25 9 52
31 48 42 2 52
32 17 93 9 14
33 21 50 1 67
34 77 18 2 58
35 2 4 2 15
36 63 83 12 48
37 68 6 14 62
38 41 95 23 33
39 48 54 21 38
40 98 73 13 40
41 26 38 13 65
42 69 76 23 16
43 40 1 3 67
44 65 41 6 73
45 14 86 23 74
46 32 39 11 12
47 14 24 2 69
48 96 5 7 49
49 82 98 13 19
50 23 85 10 59
51 63 69 3 11
52 87 19 6 41
53 56 75 13 34
54 15 63 2 40
55 10 45 14 1
56 7 30 7 8
57 31 11 21 32
58 36 93 7 74
59 50 31 22 25
60 49 52 13 74
61 39 10 22 77
62 76 40 18 1
63 83 34 22 13
64 33 51 6 48
65 0 15 2 2
66 52 82 11 1
67 52 82 5 20
68 46 6 9 23
69 3 26 9 70
70 46 80 5 18
71 94 30 12 68
72 26 76 2 77
73 75 92 12 21
74 57 51 19 38
75 34 21 6 7
76 28 80 14 65
77 59 66 2 61
78 51 16 2 29
79 87 11 24 49
