10 100 697
0 92 92
1 88 58 24 57
2 70 6 22 4
3 57 59 23 1
4 0 98 5 12
5 61 38 11 10
6 65 22 23 36
7 91 52 26 10
8 59 2 9 26
9 3 54 23 51
10 95 38 9 11
11 80 28 14 10
12 66 42 16 45
13 79 74 12 3
14 99 25 2 17
15 20 43 2 24
16 40 3 6 29
17 50 42 20 64
18 97 0 26 16
19 21 19 12 73
20 36 21 15 46
21 100 61 13 16
22 11 85 26 55
23 69 35 17 1
24 69 22 7 35
25 29 35 12 75
26 14 9 4 12
27 50 33 4 58
28 89 17 20 80
29 57 44 10 48
30 60 25 9 38
31 48 42 2 67
32 17 93 9 36
33 21 50 1 40
34 77 18 2 9
35 2 4 2 58
36 63 83 12 38
37 68 6 14 8
38 41 95 23 67
39 48 54 21 77
40 98 73 13 46
41 26 38 13 11
42 69 76 23 39
43 40 1 3 61
44 65 41 6 72
45 14 86 23 63
46 32 39 11 56
47 14 24 2 69
48 96 5 7 53
49 82 98 13 62
50 23 85 10 8
51 63 69 3 58
52 87 19 6 67
53 56 75 13 32
54 15 63 2 17
55 10 45 14 67
56 7 30 7 78
57 31 11 21 31
58 36 93 7 68
59 50 31 22 26
60 49 52 13 22
61 39 10 22 43
62 76 40 18 16
63 83 34 22 19
64 33 51 6 35
65 0 15 2 15
66 52 82 11 22
67 52 82 5 44
68 46 6 9 6
69 3 26 9 52
70 46 80 5 43
71 94 30 12 38
72 26 76 2 34
73 75 92 12 52
74 57 51 19 61
75 34 21 6 20
76 28 80 14 43
77 59 66 2 18
78 51 16 2 73
79 87 11 24 17
