10 100 687
0 92 92
1 88 58 24 69
2 70 6 22 59
3 57 59 23 6
4 0 98 5 45
5 61 38 11 21
6 65 22 23 55
7 91 52 26 50
8 59 2 9 25
9 3 54 23 13
10 95 38 9 74
11 80 28 14 7
12 66 42 16 54
13 79 74 12 5
14 99 25 2 78
15 20 43 2 53
16 40 3 6 80
17 50 42 20 15
18 97 0 26 62
19 21 19 12 42
20 36 21 15 42
21 100 61 13 26
22 11 85 26 11
23 69 35 17 39
24 69 22 7 27
25 29 35 12 25
26 14 9 4 15
27 50 33 4 60
28 89 17 20 9
29 57 44 10 68
30 60 25 9 80
31 48 42 2 38
32 17 93 9 68
33 21 50 1 44
34 77 18 2 23
35 2 4 2 26
36 63 83 12 22
37 68 6 14 36
38 41 95 23 50
39 48 54 21 18
40 98 73 13 10
41 26 38 13 31
42 69 76 23 55
43 40 1 3 71
44 65 41 6 75
45 14 86 23 53
46 32 39 11 58
47 14 24 2 15
48 96 5 7 62
49 82 98 13 58
50 23 85 10 33
51 63 69 3 42
52 87 19 6 66
53 56 75 13 48
54 15 63 2 22
55 10 45 14 8
56 7 30 7 38
57 31 11 21 11
58 36 93 7 28
59 50 31 22 13
60 49 52 13 13
61 39 10 22 5
62 76 40 18 37
63 83 34 22 7
64 33 51 6 46
65 0 15 2 20
66 52 82 11 19
67 52 82 5 79
68 46 6 9 62
69 3 26 9 73
70 46 80 5 78
71 94 30 12 78
72 26 76 2 18
73 75 92 12 11
74 57 51 19 6
75 34 21 6 35
76 28 80 14 31
77 59 66 2 51
78 51 16 2 58
79 87 11 24 66
