10 100 574
0 92 92
1 88 58 24 40
2 70 6 22 76
3 57 59 23 39
4 0 98 5 1
5 61 38 11 49
6 65 22 23 8
7 91 52 26 45
8 59 2 9 28
9 3 54 23 24
10 95 38 9 74
11 80 28 14 65
12 66 42 16 72
13 79 74 12 80
14 99 25 2 58
15 20 43 2 70
16 40 3 6 23
17 50 42 20 22
18 97 0 26 19
19 21 19 12 79
20 36 21 15 69
21 100 61 13 20
22 11 85 26 67
23 69 35 17 29
24 69 22 7 45
25 29 35 12 40
26 14 9 4 69
27 50 33 4 37
28 89 17 20 15
29 57 44 10 52
30 60 25 9 77
31 48 42 2 70
32 17 93 9 16
33 21 50 1 70
34 77 18 2 3
35 2 4 2 41
36 63 83 12 34
37 68 6 14 75
38 41 95 23 37
39 48 54 21 26
40 98 73 13 22
41 26 38 13 16
42 69 76 23 38
43 40 1 3 54
44 65 41 6 79
45 14 86 23 73
46 32 39 11 11
47 14 24 2 5
48 96 5 7 73
49 82 98 13 6
50 23 85 10 23
51 63 69 3 74
52 87 19 6 26
53 56 75 13 2
54 15 63 2 5
55 10 45 14 9
56 7 30 7 39
57 31 11 21 61
58 36 93 7 38
59 50 31 22 8
60 49 52 13 10
61 39 10 22 13
62 76 40 18 76
63 83 34 22 9
64 33 51 6 19
65 0 15 2 33
66 52 82 11 23
67 52 82 5 39
68 46 6 9 29
69 3 26 9 70
70 46 80 5 61
71 94 30 12 63
72 26 76 2 35
73 75 92 12 45
74 57 51 19 15
75 34 21 6 50
76 28 80 14 66
77 59 66 2 61
78 51 16 2 26
79 87 11 24 8
