10 100 631
0 92 92
1 88 58 24 11
2 70 6 22 54
3 57 59 23 17
4 0 98 5 76
5 61 38 11 54
6 65 22 23 55
7 91 52 26 54
8 59 2 9 71
9 3 54 23 26
10 95 38 9 78
11 80 28 14 36
12 66 42 16 63
13 79 74 12 25
14 99 25 2 25
15 20 43 2 70
16 40 3 6 67
17 50 42 20 12
18 97 0 26 51
19 21 19 12 22
20 36 21 15 24
21 100 61 13 80
22 11 85 26 16
23 69 35 17 27
24 69 22 7 54
25 29 35 12 31
26 14 9 4 43
27 50 33 4 3
28 89 17 20 22
29 57 44 10 43
30 60 25 9 13
31 48 42 2 65
32 17 93 9 58
33 21 50 1 67
34 77 18 2 65
35 2 4 2 56
36 63 83 12 77
37 68 6 14 47
38 41 95 23 54
39 48 54 21 25
40 98 73 13 60
41 26 38 13 78
42 69 76 23 53
43 40 1 3 41
44 65 41 6 21
45 14 86 23 3
46 32 39 11 51
47 14 24 2 71
48 96 5 7 47
49 82 98 13 59
50 23 85 10 25
51 63 69 3 60
52 87 19 6 43
53 56 75 13 34
54 15 63 2 34
55 10 45 14 20
56 7 30 7 42
57 31 11 21 39
58 36 93 7 69
59 50 31 22 76
60 49 52 13 79
61 39 10 22 61
62 76 40 18 36
63 83 34 22 13
64 33 51 6 38
65 0 15 2 67
66 52 82 11 68
67 52 82 5 72
68 46 6 9 4
69 3 26 9 6
70 46 80 5 62
71 94 30 12 18
72 26 76 2 1
73 75 92 12 69
74 57 51 19 53
75 34 21 6 33
76 28 80 14 52
77 59 66 2 21
78 51 16 2 9
79 87 11 24 55
